calibration_date: '2026-06-03T13:04:17'
type: stereo_ir
board:
  cols_squares: 10
  rows_squares: 15
  inner_corners:
  - 9
  - 14
  square_size_mm: 25.0
image_size:
  width: 1280
  height: 720
left_camera:
  camera_matrix:
    rows: 3
    cols: 3
    data:
    - 632.3241130330032
    - 0.0
    - 647.8025551763087
    - 0.0
    - 632.5361333395127
    - 369.6476677107406
    - 0.0
    - 0.0
    - 1.0
  dist_coeffs:
    description: k1 k2 p1 p2 k3
    rows: 5
    cols: 1
    data:
    - -0.05151749962010733
    - 0.10123989880233505
    - 0.004956998206074819
    - 0.0016667295069348832
    - -0.10594484226497335
right_camera:
  camera_matrix:
    rows: 3
    cols: 3
    data:
    - 633.703637834415
    - 0.0
    - 652.0695552568026
    - 0.0
    - 633.213056987405
    - 364.36360134673043
    - 0.0
    - 0.0
    - 1.0
  dist_coeffs:
    description: k1 k2 p1 p2 k3
    rows: 5
    cols: 1
    data:
    - -0.04947404055285777
    - 0.05566914069454387
    - 0.004657408325547448
    - 0.0016033033949677175
    - -0.013518360550744936
stereo:
  R:
    rows: 3
    cols: 3
    data:
    - 0.9999734097584205
    - -0.0007972338805259124
    - -0.007248737425074357
    - 0.0008496899364118897
    - 0.9999734560578457
    - 0.007236380776306405
    - 0.007242775927080195
    - -0.0072423475384351815
    - 0.9999475439236813
  T_mm:
  - -49.5194870876375
  - 0.2646469281026737
  - -0.05488612284672664
  E:
    rows: 3
    cols: 3
    data:
    - 0.0019634145862692984
    - 0.05296800092435789
    - 0.2650302226474697
    - 0.3037738855882386
    - -0.3585935783370201
    - 49.517287344736374
    - -0.3067161009115663
    - -49.51796165973928
    - -0.35642350832136444
  F:
    rows: 3
    cols: 3
    data:
    - 2.2067027319937755e-08
    - 5.951135053653995e-07
    - 0.0016492284155333213
    - 3.4167924175620923e-06
    - -4.032042214340769e-06
    - 0.3514570750745111
    - -0.0034438568307991776
    - -0.3514806678355758
    - 1.0
  baseline_mm: 49.520225
rectification:
  R1:
    rows: 3
    cols: 3
    data:
    - 0.9999620021339094
    - -0.0061493263117057845
    - -0.006179002691015605
    - 0.0061715915309191564
    - 0.9999745085373372
    - 0.0035907845224256293
    - 0.0061567642734558
    - -0.0036287823609535805
    - 0.999974462770054
  R2:
    rows: 3
    cols: 3
    data:
    - 0.9999851053220365
    - -0.005344219050626363
    - 0.0011083577105486793
    - 0.005348185214788059
    - 0.9999791934951322
    - -0.0036068673018732574
    - -0.0010890587605508237
    - 0.003612741281066596
    - 0.9999928810003861
  P1:
    rows: 3
    cols: 4
    data:
    - 648.9965057221273
    - 0.0
    - 654.4031753540039
    - 0.0
    - 0.0
    - 648.9965057221273
    - 369.87066650390625
    - 0.0
    - 0.0
    - 0.0
    - 1.0
    - 0.0
  P2:
    rows: 3
    cols: 4
    data:
    - 648.9965057221273
    - 0.0
    - 654.4031753540039
    - -32138.4527769331
    - 0.0
    - 648.9965057221273
    - 369.87066650390625
    - 0.0
    - 0.0
    - 0.0
    - 1.0
    - 0.0
  Q:
    rows: 4
    cols: 4
    data:
    - 1.0
    - 0.0
    - 0.0
    - -654.4031753540039
    - 0.0
    - 1.0
    - 0.0
    - -369.87066650390625
    - 0.0
    - 0.0
    - 0.0
    - 648.9965057221273
    - 0.0
    - 0.0
    - 0.020193769445800293
    - -0.0
rms_stereo_px: 1.244154
num_pairs_used: 44
left_fov_deg:
  horizontal: 90.691
  vertical: 59.292
depth_scale_m_per_unit: 0.0010000000474974513
